variant,longitude,latitude,need_to_be_xed,need_xed,need_xing
needs to be Xed,-233133.96053955547,7790781.293784884,0.608,0.172,0.22
needs to be Xed,-454508.57534967264,6875568.732849514,0.5591909806130783,0.038033855125896944,0.40277516426102483
needs Xed,-464523.0993804171,7902081.764336984,0.30858942133510736,0.3814225470022775,0.3099880316626152
needs to be Xed,-473867.5913960769,7903716.555487392,0.698311787143614,0.22599292317562222,0.07569528968076375
needs Xing,-166080.14205862035,6658737.485859629,0.35848639271575855,0.008210734634211354,0.63330287265003
needs to be Xed,-274526.66603765386,7700450.50046821,0.4581657211454671,0.3744337875828033,0.16740049127172948
needs Xed,-288489.2471288726,7670532.812981689,0.4050106295827454,0.43915725905759845,0.1558321113596561
needs Xing,97406.66951443948,6647242.852390651,0.48662854033794006,0.01793553175740048,0.4954359279046595
needs to be Xed,-425664.8047292091,7799975.074029687,0.5119048568590634,0.2543709636822886,0.23372417945864798
needs to be Xed,-401821.95091314253,7827953.620533239,0.4953272401942052,0.275326215170294,0.2293465446355008
needs Xed,-515317.8490709154,7451377.536497721,0.26104121208646536,0.5963871936985857,0.14257159421494886
needs Xed,-699111.0371850707,7335766.097361238,0.3943779583588957,0.4374327622434134,0.1681892793976909
needs Xing,-149143.0707775581,6811506.744243429,0.45577078006090055,0.02927264159822034,0.5149565783408792
needs Xing,-515747.43098588666,7040442.511032255,0.4641148724105668,0.03129337549664759,0.5045917520927856
needs Xing,-459667.45451150526,7025170.177756032,0.3818863826800034,0.12012282964960877,0.49799078767038785
needs Xing,-164722.34483356756,7085880.959602008,0.26544739296110326,0.0062022286612008265,0.7283503783776959
needs to be Xed,-451772.1196269923,6635130.966655371,0.49018087980267605,0.039879944362478284,0.4699391758348457
needs Xing,-358325.6409975236,7190820.409402401,0.36154627740541295,0.03790115281898603,0.6005525697756009
needs Xing,-121605.01099240522,6668577.680976788,0.48803534248846137,0.022102880851609785,0.48986177665992886
needs to be Xed,-262604.53781682864,6688978.381916168,0.5062725722879245,0.031086814646712636,0.46264061306536286
needs Xing,-51961.51153740082,6825232.159527007,0.3906276504539617,0.02733322744099418,0.5820391221050443
needs to be Xed,-660137.9387430075,7284096.381953328,0.996,0,0.004
needs Xing,-223239.55023937687,7512812.638519028,0.27060728727405764,0.3632220781360468,0.36617063458989546
needs to be Xed,-468283.9170573771,6624245.459951866,0.4696270455108541,0.06974369657472156,0.4606292579144243
needs Xing,-336519.82254348317,7055464.038147936,0.40857865041539443,0.009786444164880143,0.5816349054197254
needs to be Xed,-210438.47671509522,6888526.481257551,1,0,0
needs Xing,-276910.4616135011,7122682.479533938,0.40561370557315773,0.03280367847532531,0.5615826159515169
needs Xing,-337929.77294997266,7135669.463425561,0.3236877457727272,0.031148862595272397,0.6451633916320004
needs to be Xed,61385.7973640612,6689916.220204674,0.5166835731065091,0.03250775275612275,0.450808674137368
needs Xing,-241045.99334768736,6596021.329284243,0.45015207932060625,0.004846768267659612,0.5450011524117342
needs to be Xed,-168123.26659679288,7386544.967183743,0.4394750493684336,0.14288286873181757,0.4176420818997487
needs to be Xed,-174324.4190189739,7397459.703454149,0.4819632398040825,0.19249691769718966,0.3255398424987279
needs Xing,-2958.538106812832,6979103.340069991,0.3361176006013353,0.028658282731710158,0.6352241166669547
needs Xing,-209366.24737977437,6571766.627531886,0.4759202031019574,0.03611352237903526,0.4879662745190074
needs Xing,-195855.28946270398,7131612.398344218,0.47800000000000004,0.008,0.514
needs to be Xed,-377535.93420422805,6790899.657867309,0.5905007365338196,0.02359447097477162,0.38590479249140885
needs Xing,-398183.695995546,6710985.551582894,0.4536579428337947,0.034901369689499216,0.5114406874767061
needs Xing,-334362.7847703819,6643947.060070163,0.4733541253571607,0.028141858654729922,0.4985040159881094
needs Xing,-22130.537408684377,7186337.161902725,0.2524046004282037,0.004401617177466017,0.7431937823943303
needs Xing,-307052.66277457733,6574301.183996955,0.4190040276883871,0.044761383620794945,0.5362345886908179
needs to be Xed,-15268.915315677788,6589961.170074266,1,0,0
needs to be Xed,-288084.8234188206,6702089.049496805,1,0,0
needs to be Xed,-657860.2529057846,7809617.926776841,0.3669137439710473,0.26623891364904967,0.366847342379903
needs to be Xed,-636116.2279010835,7818101.701424047,0.36600472180729005,0.2779566960096083,0.3560385821831015
needs Xing,-505799.9212885998,6590684.741675179,0.463883515105717,0.07171949393778189,0.4643969909565011
needs Xing,-249411.70874054724,7130350.477113402,0.311268544631118,0.017316579691608366,0.6714148756772736
needs Xing,-182245.1347473877,6948671.96613752,0.3921080817601957,0.036773367554930284,0.571118550684874
needs to be Xed,79091.7412360835,6844168.757609536,0.4942322413777428,0.03503249619932788,0.47073526242292935
needs Xing,-213157.90055568406,7031065.606213349,0.41661167067244265,0.027200720273535196,0.5561876090540221
needs to be Xed,13560.606409964208,6837338.511988595,0.994,0,0.006000000000000001
needs to be Xed,-623987.3793858553,7444617.510135955,0.3921280649704653,0.3694230019734518,0.2384489330560829
needs to be Xed,120103.58936033095,6671014.198547059,0.5779415976354995,0.023211257146607055,0.3988471452178935
needs to be Xed,-353894.6799859882,6706926.020860399,1,0,0
needs to be Xed,-518845.0071367004,6815274.203126033,0.5417712152876926,0.024239255352213843,0.43398952936009355
needs Xing,-326492.3854518067,7341025.219134961,0.28694641904083823,0.3302507195913414,0.38280286136782044
needs to be Xed,52158.7140153411,6752456.634086062,0.5159283973629205,0.050417543354024354,0.4336540592830551
needs to be Xed,-231350.0990954405,6781953.4675142495,0.4985778633609268,0.029648305265428113,0.4717738313736452
needs Xing,-322055.63582675,7018850.630265591,0.4073542904001974,0.0270743634562869,0.5655713461435158
needs Xing,-158255.01637695075,7026594.338925578,0.38086333973674824,0.009930911006754245,0.6092057492564975
needs Xing,-86265.48091737626,6592618.925168484,0.4529252357604592,0.031662856740613074,0.5154119074989277
needs Xing,-74924.80779281152,6582997.9758701455,0.44684400455122125,0.01910051360668433,0.5340554818420944
needs Xing,-278405.3599234148,6768599.424110748,0.46571283695424665,0.04253334123742598,0.4917538218083273
needs Xing,-287476.57372112625,6784671.673753447,0.47634227509633764,0.029599717508069515,0.49405800739559275
needs to be Xed,128355.2690668222,6762159.598165381,0.5040695006610967,0.019750252590241928,0.4761802467486613
needs to be Xed,99282.95953176008,6781329.551805553,0.5024780783256242,0.01736018068454454,0.4801617409898314
needs Xed,-741901.0249316063,7387639.85998861,0.3489449339179161,0.4523225618408329,0.1987325042412511
needs Xing,-414958.9866606384,7037413.85800091,0.4174665997429098,0.037246804413723196,0.545286595843367
needs Xed,-750782.0048515011,7292657.903372045,0.39701047866770883,0.4364428022012974,0.16654671913099384
needs Xed,-735597.0244318814,7314533.01844208,0.3969141590430084,0.4587430336701647,0.1443428072868269
needs Xing,-76168.50253980121,6889633.496961147,0.42033611530580345,0.15918073645449116,0.4204831482397054
needs to be Xed,-169171.45092210232,6874021.0070969695,0.712,0,0.288
needs Xed,-714400.101328582,7254491.56446006,0.34204527782104815,0.5323738682439637,0.12558085393498827
needs to be Xed,-20842.06996249763,6640622.096461417,0.5234405974314552,0.01903787165588159,0.45752153091266323
needs Xing,-272044.8981779596,7001591.76587012,0.4366358027262055,0.010746794778243418,0.552617402495551
needs Xing,144923.06020107592,6970327.7086967295,0.4605615376660445,0.0024107864133939773,0.5370276759205614
needs Xing,134803.32811958273,6972723.919408803,0.4302803947812721,0.006930483713645088,0.5627891215050828
needs Xed,-437643.0045775469,7350310.456595217,0.39837539787862836,0.42157638188146124,0.18004822023991032
needs to be Xed,-425521.7591835397,7349109.814531086,0.4176865179728046,0.38867891588618864,0.19363456614100674
needs Xing,-173598.07047349686,7269952.112051287,0.38867384962600193,0.02219361117903087,0.5891325391949672
needs to be Xed,-164153.79166629,6968680.921983317,0.598,0,0.402
needs Xed,-813586.8251605514,7361208.676721838,0.38318496294455445,0.4936238736772175,0.12319116337822808
needs Xing,-125619.81521955911,7080297.127915944,0.3006601015592724,0.02811195521089131,0.6712279432298363
needs Xing,-271751.0258542144,6570360.119708541,0.4847819465556218,0.02622694059370129,0.48899111285067687
needs Xing,-273581.11828285584,6553371.8054395765,0.47399712769077185,0.015859532769650082,0.510143339539578
needs Xing,-231668.32812377118,6893283.013297537,0.47822463683009475,0.014492448541673175,0.507282914628232
needs Xed,-508123.8269784001,7547531.546302262,0.3639041306317964,0.49906263803706535,0.13703323133113823
needs Xed,-526988.0278882283,7558877.1181585705,0.36310411277888877,0.5044162489778253,0.13247963824328587
needs to be Xed,-401320.1226486465,7375630.562739154,0.47784347267975147,0.292737339383293,0.2294191879369555
needs Xed,-330699.14900888456,7650945.583272922,0.4165138503162789,0.43950970724563587,0.14397644243808527
needs Xed,-351562.20269539667,7581707.427770629,0.24915148718506086,0.5501867259647344,0.20066178685020475
needs Xed,-384291.69146149023,7572710.5359689975,0.3148366465860075,0.4578025496530786,0.22736080376091392
needs Xed,-753291.780695079,7267010.799287512,0.4012801588830526,0.427644864589424,0.1710749765275234
needs Xed,-562808.3023161971,7525829.592341042,0.20342333148361494,0.5395301023632715,0.25704656615311366
needs Xed,-548383.6340186954,7548661.951353563,0.2925898656931983,0.5344076762410658,0.17300245806573605
needs Xing,-186881.8253098582,7296892.292625123,0.3188782830255814,0.007049521503935017,0.6740721954704836
needs Xing,-176424.91762270124,7318368.335266828,0.4472636279314346,0.05955061230782815,0.49318575976073725
needs Xing,32335.195129703767,6580363.918488307,0.4436739949931778,0.06262913278052475,0.49369687222629755
needs to be Xed,-354916.25895299803,7549115.074480226,1,0,0
needs Xed,-369412.06040511647,7894036.479940738,0.36663909477500595,0.42269013695740804,0.210670768267586
needs to be Xed,-849538.4343237581,7235543.298687504,0.5509991518546686,0.2697591892102591,0.1792416589350722
needs Xing,-216713.44509162122,6816804.355574689,0.3912133053179162,0.01974329688468556,0.5890433977973981
needs Xing,-393391.83719485876,6571634.40722599,0.45153291021867936,0.03193279144855073,0.5165342983327699
needs Xed,-421223.2794979973,7558789.4223075,0.37830336139040804,0.451719537297514,0.16997710131207788
needs to be Xed,-438254.0261305621,7581647.086001243,0.40412911248236666,0.3984221588392909,0.1974487286783425
needs to be Xed,-563974.5966212383,6472740.496640867,0.5811273289014934,0.02065462946114617,0.39821804163736035
needs to be Xed,130183.24642513857,6635704.558994562,0.5400548837204062,0.02468890313728463,0.43525621314230917
needs to be Xed,146207.3197705107,6643944.718683718,0.5113274725714695,0.033115196165786856,0.45555733126274356
needs Xed,-568310.2570167056,7723379.654955692,0.29027569073976195,0.39642113199950235,0.31330317726073564
needs to be Xed,-223488.46062079063,7903174.362922962,0.47391944437586614,0.3355053124032285,0.19057524322090538
needs Xed,-355514.6012160119,7489659.636790694,0.3061586423289487,0.40820771561947317,0.2856336420515781
needs to be Xed,-313303.02954363805,7483872.309299967,0.4318784871257548,0.36648511243401827,0.201636400440227
needs Xed,-540369.0648275939,7408617.258729385,0.31788138051426584,0.48050537354254125,0.20161324594319288
needs to be Xed,-473308.8788717854,7531436.41809017,1,0,0
needs Xing,-249150.38623591006,6775616.313486872,0.4595104356262167,0.05033085400226572,0.4901587103715176
needs to be Xed,-428863.6816166446,7969871.774816619,0.5463642339531001,0.3130643664960166,0.14057139955088332
needs to be Xed,-442615.86887026404,7961733.039632204,0.47872712248469707,0.36221292004230443,0.1590599574729985
needs Xing,-71643.2205237166,6966833.591114978,0.362490591812496,0.018694532943759615,0.6188148752437443
needs Xing,192365.31210684407,6909024.939138601,0.3903635102823572,0.03545418244236609,0.5741823072752767
needs Xed,-531214.7176341581,7549756.133186505,0.3553913665556291,0.5195424949565509,0.12506613848782
needs Xing,-8992.833744243813,7088662.3541106675,0.40714108713046027,0.017292014967599068,0.5755668979019407
needs to be Xed,-84129.80535455822,6665344.940044256,0.49443923558996455,0.028892126533490974,0.47666863787654445
needs to be Xed,-63497.63942390041,6663185.155266548,0.5347995213211985,0.027430099568373716,0.43777037911042793
needs Xing,-206780.40692813744,7118625.730250776,0.36382030559700435,0.010831106714394433,0.6253485876886012
needs Xing,-171633.72673895874,7168664.057554648,0.41871101216611556,0.030749346522585586,0.5505396413112988
needs Xing,-135022.30468992217,7302268.484021072,0.2976225311328197,0.028092592148215995,0.6742848767189643
needs Xing,63836.495953875114,6595554.204347913,0.48524479714001423,0.019384404536357962,0.4953707983236278
needs to be Xed,-553404.699650926,6764128.865791112,0.5682548580637454,0.03377841912257961,0.397966722813675
needs to be Xed,-561350.4733967175,6748632.247116624,0.5694432272673978,0.033715019828651306,0.39684175290395096
needs Xing,-270752.0447438356,7479201.311204906,0.3437020831122584,0.2974982542005204,0.3587996626872211
needs Xed,-309569.93041988567,7445194.826567962,0.35372240977915753,0.3739668098892274,0.27231078033161504
needs Xing,-302340.8426877705,6810329.367001604,0.4161200363794107,0.03447632083820369,0.5494036427823856
needs Xing,-235122.783430119,7356562.753238509,0.32088548664266425,0.03215624695903185,0.6469582663983038
needs Xing,-83292.47127676032,6733250.127288361,0.48396378687641733,0.018723654969543653,0.497312558154039
needs to be Xed,-89990.67635728238,6766853.0779722445,0.48492446490287533,0.08556536087453767,0.42951017422258697
needs Xing,-198709.19838012022,7103356.908346299,0.31757639347431665,0.019541217089295435,0.662882389436388
needs to be Xed,-36448.205411635485,7126269.245641505,0.6699999999999999,0,0.33
needs Xing,-20321.595683293683,6860280.99787033,0.42304776164107283,0.0471962860026378,0.5297559523562894
needs to be Xed,-470293.7904636496,7858404.849876296,0.472898809009567,0.2985561659196999,0.22854502507073315
needs Xing,127819.2657186526,6810390.559092446,0.4772286369945443,0.044096714033857294,0.47867464897159834
needs Xing,-145242.32450067103,6567316.593412411,0.28829439832533205,0.038465396888645295,0.6732402047860225
needs Xing,-305715.6043706594,7232523.0785782365,0.41516983587364653,0.004628154145851257,0.5802020099805021
needs Xing,-81290.94683229725,6872105.2395477295,0.44217648407343746,0.030988904114528256,0.5268346118120343
needs Xing,-77251.71910886333,6854992.488078196,0.4277808025435534,0.05311087763268842,0.5191083198237583
needs Xed,-500803.2346248529,7482096.331226675,0.35980452666424706,0.5140729670210786,0.12612250631467434
needs Xed,-519821.5462377352,7481475.042255444,0.346399504061573,0.4675785552796651,0.18602194065876201
needs Xing,44783.41926401803,6937196.845840512,0.42253076404821654,0.011166656019166898,0.5663025799326167
needs to be Xed,-420508.5972351555,6495596.626000306,0.569406536852476,0.022498069727637113,0.408095393419887
needs to be Xed,-398390.9728874031,6507550.883798935,0.515580604821728,0.016016508521264,0.46840288665700797
needs Xing,-318926.7788990235,7184214.978049844,0.41610732639910364,0.004167445095369341,0.579725228505527
needs to be Xed,-311776.939512404,7178981.980654017,0.5016498629589002,0.01762618719234198,0.4807239498487578
needs to be Xed,-485403.2517407151,6557303.545004205,0.6130871541939166,0.017154859446730578,0.36975798635935275
needs Xing,-169214.40911359945,6851856.7320276825,0.4756955495445558,0.010741022231141905,0.5135634282243022
needs to be Xed,-172442.50736736818,7132511.69410009,1,0,0
needs to be Xed,-126877.41377094889,6916110.576139366,0.896,0,0.104
needs Xing,-60176.97901353705,7025783.4768399205,0.34902656910590574,0.02049579326567412,0.6304776376284201
needs to be Xed,-497010.24561505363,6525540.8245142605,0.518010866305006,0.016157296405579075,0.4658318372894148
needs to be Xed,-333020.3385031096,7058895.725626909,1,0,0
needs Xed,-391629.5383361104,7538674.766064084,0.4016874082522873,0.4736873144681197,0.12462527727959304
needs Xing,-378997.4477988529,6827297.124914644,0.4592351599302475,0.05504178553894258,0.4857230545308099
needs to be Xed,-376008.51947105356,6843946.45436555,0.49185478022469553,0.04822207338949903,0.4599231463858054
needs Xing,-463116.68893373496,6742629.946657462,0.4865329990504294,0.019267296307395616,0.494199704642175
needs Xing,-604725.8680814368,7566042.28975638,0.22032839088698258,0.3629074129124254,0.4167641962005921
needs to be Xed,-14221.988900614286,6711533.69399216,1,0,0
needs Xing,195193.04981197478,6887593.315555863,0.38572467678881966,0.032503836558868376,0.581771486652312
needs Xing,-302111.4020852964,6866894.2867713105,0.415932833627044,0.013314716863713905,0.5707524495092421
needs to be Xed,-46757.02478019014,6778217.221140644,0.5474219866275208,0.009376727713451265,0.44320128565902783
needs Xing,-88821.48774548061,7196114.10586726,0.33414859757923515,0.06228029968794073,0.6035711027328241
needs to be Xed,-249648.4852974646,7072425.247492292,1,0,0
needs Xing,-133435.77930713643,7010271.558978545,0.30012728480718215,0.017764318565079026,0.6821083966277388
needs to be Xed,158061.9883799152,6680863.755444957,0.502856735792171,0.02693960742799197,0.47020365677983694
needs to be Xed,154381.64356284973,6690509.169250677,0.48955650280971935,0.0258295880165226,0.484613909173758
needs to be Xed,60311.352770873615,6693202.81330082,0.5190338665787133,0.03080644195209074,0.45015969146919593
needs to be Xed,-376443.11076311045,6754819.507118552,0.5360685785100321,0.020253797441183743,0.4436776240487841
needs Xing,-137474.673072098,7279666.914022026,0.3437872835886635,0.01874342054317703,0.6374692958681595
needs Xing,-147941.6106453754,7278942.566279132,0.349061698206235,0.0327184006377766,0.6182199011559885
needs to be Xed,-84537.92487170453,6807473.840659261,0.678,0,0.322
needs to be Xed,-387520.06801398593,6657508.348796182,0.5114794310861827,0.01692077677538831,0.47159979213842906
needs Xed,-443173.668574731,7515379.232708325,0.400038759000875,0.5081357859713519,0.09182545502777315
needs Xed,-441110.829354739,7531839.130658074,0.3451271480165067,0.4894010484802602,0.16547180350323307
needs to be Xed,-687627.9530359341,7506089.353695541,0.42209550338616036,0.29559329127925277,0.28231120533458676
needs Xing,-668015.6851479752,7646349.110890043,0.30563224127120486,0.3009539312694591,0.39341382745933606
needs to be Xed,-147288.36560950233,6692607.848482865,0.5680225020888444,0.005306016743946396,0.4266714811672092
needs to be Xed,-180090.44581554213,7357646.413223492,1,0,0
needs to be Xed,-333698.43004932767,6725281.072574724,0.5201792392611583,0.011407040334247465,0.4684137204045942
needs Xed,-698026.6740252534,7236479.999061002,0.35667081583498655,0.5090915410793718,0.13423764308564176
needs to be Xed,-705791.175112237,7203388.587227029,0.4478689078330429,0.36010202528097623,0.19202906688598084
needs Xed,-499063.5336227356,7354164.767788068,0.3126717991385695,0.49111854632978846,0.19620965453164194
needs Xing,-350256.42506839155,6920416.96137229,0.39081799789390287,0.019248777323628754,0.5899332247824685
needs Xing,-368813.2728641395,6893256.856745224,0.48354913477504813,0.014636136328875001,0.5018147288960768
needs Xing,-159182.3077352587,7234423.671394999,0.3654669756960626,0.02946970534977748,0.60506331895416
needs Xing,-100483.20628149316,6843724.120888882,0.444,0.006000000000000001,0.55
needs to be Xed,144420.89797810747,6915011.533938544,0.8500000000000001,0,0.15000000000000002
needs to be Xed,-128920.05963531097,6974638.411951572,1,0,0
needs to be Xed,-609034.1661460672,7641509.51967337,0.3597828227993247,0.2990351429405521,0.3411820342601231
needs to be Xed,-813740.9915233509,7284178.990042922,0.43556585706647694,0.4118993957681811,0.15253474716534202
needs Xed,-830811.9022281939,7328437.165165312,0.4196611404008461,0.4449429269711731,0.1353959326279808
needs to be Xed,-329563.64567499683,8176268.450063354,0.5552509307253711,0.2604305866392534,0.18431848263537542
needs Xing,-340238.2274944509,6956617.756641207,0.34703929872520095,0.014128939747081229,0.6388317615277178
needs to be Xed,-140009.45127330805,6755411.249871042,0.9299999999999999,0,0.06999999999999999
needs to be Xed,-523600.01918593503,6741167.220954023,0.5758973085741647,0.025400211219627128,0.39870248020620824
needs to be Xed,-546426.9713290221,6741401.476333774,0.5726646493015046,0.031567603369345526,0.3957677473291499
needs Xing,-306430.05286257056,7296945.222087788,0.33643580788941435,0.2909723823140717,0.372591809796514
needs Xing,-616441.9216609055,6466875.037480974,0.4629543350497339,0.0098351220841951,0.527210542866071
needs to be Xed,-381919.1502861622,7637453.017053499,0.42244187336869665,0.37107493636104316,0.20648319027026008
needs Xing,-26775.665988557015,6903760.435211431,0.35531961248003674,0.024575553228035125,0.6201048342919281
needs to be Xed,-198601.31866159244,7864691.648062552,0.4800926021070567,0.35852316402964407,0.16138423386329928
needs to be Xed,-415189.52932607126,7699931.156011099,0.4242038782002927,0.3440590171755016,0.23173710462420574
needs to be Xed,-430469.01999337436,7683197.82538826,0.4094052180772133,0.3633312374985003,0.22726354442428634
needs to be Xed,-461158.412111445,6511553.989021556,0.602,0.002,0.39599999999999996
needs to be Xed,-221219.43543995134,6571043.309940638,0.5317433263233491,0.026606963404708674,0.44164971027194216
needs to be Xed,-689738.1364353605,7844896.287747942,0.3777775856865731,0.24944138108457561,0.3727810332288512
needs to be Xed,-121113.03450284433,6589474.389867087,0.654,0.01,0.336
needs Xing,-300906.6023683899,7125436.34484105,0.39599999999999996,0,0.604
needs Xing,-491768.75625910336,6962458.311885989,0.3496436935364235,0.06673055433703401,0.5836257521265424
needs Xing,-460126.2021330644,6969661.780930695,0.3913352675037826,0.033611246143946887,0.5750534863522704
needs to be Xed,-108884.96692547193,6702044.6565726185,0.606,0.008,0.38600000000000007
needs Xing,-581829.797666516,6486729.373966843,0.3814469596159184,0.03551436516432288,0.5830386752197587
needs Xing,-562279.3120959473,6491981.962280233,0.48380684802456847,4.703922526946263e-4,0.515722759722737
needs Xing,-388686.918916481,7042249.932555723,0.35960594961614306,0.08113244436516967,0.5592616060186874
needs Xing,-199759.70928278725,6633470.02382575,0.4271980842266212,0.03639861577176309,0.5364033000016157
needs Xing,-44500.189083592704,7223957.88837859,0.3367468131715967,0.014283600101783282,0.64896958672662
needs Xing,-72848.92192849854,7092632.512060979,0.326169398824285,0.005843793474695879,0.6679868077010191
needs to be Xed,-163649.1136228296,7053809.999978275,1,0,0
needs to be Xed,-140923.8963623785,8518614.730884068,0.6292358740099097,0.12629552832101443,0.24446859766907594
needs Xing,-306721.57634506,6929039.33790663,0.4158354725997112,0.02147750631562966,0.5626870210846592
needs Xing,-360403.5306126709,6564646.278135998,0.45746011977851825,0.05187448169568235,0.49066539852579943
needs Xing,-858.3845935069326,7050979.970624981,0.30498665159121546,0.044910633936821015,0.6501027144719635
needs to be Xed,37612.740868722074,7010124.560128249,0.4909281322863443,0.026552054897618534,0.4825198128160371
needs Xing,-224451.11818132366,7163123.57120068,0.3570722129328509,0.017549325987734486,0.6253784610794145
needs to be Xed,-66239.616593324,6712103.801928436,0.4967410048626373,0.04068882175764669,0.46257017337971607
needs to be Xed,-50571.94372967562,6704860.164374275,0.5812142031376352,0.07864451578732425,0.3401412810750406
needs to be Xed,-156331.6270830755,6605336.285785035,0.864,0,0.136
needs to be Xed,78782.17286413648,6718435.978232325,0.5375699111208597,0.028410514095109196,0.4340195747840311
needs Xing,-17110.072901704054,6944266.381867556,0.3035896305411336,0.033455292639133064,0.6629550768197333
needs Xed,-335086.9180579922,7622431.3141126605,0.22409989537049,0.5866780068953734,0.18922209773413654
needs to be Xed,-311329.60213865124,7626354.803112112,0.5296068887473279,0.2220873515575941,0.24830575969507807
needs to be Xed,-532488.4575117129,6505433.307385206,0.5191228052008385,0.037730978748884994,0.44314621605027643
needs Xing,-564803.8155081572,6518545.980535924,0.30142544640291846,0.016516823355994432,0.6820577302410871
needs to be Xed,-236070.79134566357,6947321.097169111,0.6386038320098031,0.02068344105776939,0.3407127269324275
needs Xing,-21886.747723847107,6782742.879459112,0.4610444272484902,0.005497038755085333,0.5334585339964244
needs Xing,-23228.03626841526,6764613.8134363275,0.4219606688244102,0.03658320996308395,0.5414561212125059
needs Xing,-242610.14351282362,6983491.443427552,0.464,0,0.536
needs Xed,-559275.2443174002,7343134.159706231,0.30741618535351595,0.4807094286465995,0.21187438599988465
needs to be Xed,-294395.2915809607,6658408.66139071,0.5400930425856311,0.02094521299882318,0.43896174441554575
needs to be Xed,-305340.34636719525,6643377.6971611455,0.5302071511908394,0.032541431047373615,0.43725141776178694
needs Xing,-154044.02267922278,7343812.22379611,0.40490824906844575,0.03215978764875991,0.5629319632827943
needs to be Xed,-439004.66458893026,6731964.262115388,0.624,0.034,0.342
needs to be Xed,-198117.25698782696,6720198.808868654,0.5047192719519767,0.029680322932152087,0.4656004051158711
needs Xing,-345852.8486515913,6624008.347618003,0.4605184782836486,0.029450956303758453,0.510030565412593
needs Xing,-274654.2493060521,6923581.554904753,0.39757107362534716,0.03926063300778131,0.5631682933668715
needs Xing,83674.07449119966,6875122.141175383,0.407730569050719,0.006333529955511599,0.5859359009937695
needs to be Xed,57397.38698817441,6863215.841530572,0.5692559599630894,0.03470914603848125,0.3960348939984293
needs to be Xed,-392076.1521331731,8093054.675576084,0.4953465443127633,0.3784927658369656,0.12616068985027104
needs to be Xed,-396768.8252675635,6521967.774443236,0.5147588787784754,0.018198794395822233,0.4670423268257024
needs to be Xed,-392436.2706858893,6526660.062489587,0.49392404446889177,0.023037358297198645,0.4830385972339096
needs Xing,-245888.39119719472,6678034.567725074,0.4452369033065158,0.03199712154321992,0.5227659751502642
needs to be Xed,29354.393124732283,6644743.170257075,0.5332586850314244,0.0334921334333057,0.4332491815352699
needs Xed,-274101.9821802776,7871078.875452988,0.38147352826701025,0.39126578626198794,0.2272606854710018
needs to be Xed,-280974.6249028727,7897584.531545545,0.39098068025919047,0.360977187938767,0.24804213180204263
needs Xing,-432409.4300373919,6935444.346397776,0.43642821384686936,0.06422644403513371,0.49934534211799697
needs to be Xed,-454990.4774253167,6906967.607696847,0.5206654556473908,0.025799167810431744,0.45353537654217746
needs to be Xed,-574554.7349847034,7945380.135189484,0.37909506497778844,0.30290176194264984,0.3180031730795618
needs Xing,-538391.8191640729,6536236.683771154,0.36868654942117396,0.04676807194784047,0.5845453786309855
needs Xing,-167638.69285336975,7110403.433528263,0.3154771147985854,0.01883174186424895,0.6656911433371655
needs Xing,-149832.47238404088,7117957.050985644,0.2665356816947434,0.01875020407941235,0.7147141142258443
needs Xing,-289091.1627475409,7055473.949976353,0.38999999999999996,0,0.61
needs Xing,-293049.3832775246,7084463.462860678,0.36,0.022,0.618
needs to be Xed,-781396.4121605733,7917046.535759107,0.4067134569049989,0.2321825747491104,0.3611039683458907
needs Xing,-331426.51056172774,6682977.2444811,0.39544048021276135,0.06570484174544369,0.538854678041795
needs Xing,-68277.47571958197,7262805.705650329,0.29690007948890557,0.02737724439379356,0.6757226761173007
needs Xed,-399551.58989841375,7274957.807251951,0.2585186634978754,0.5128718302626043,0.22860950623952028
needs to be Xed,-344390.8897790032,8060095.087444382,0.4577210606701286,0.384995567491135,0.15728337183873645
needs Xing,17677.20117949947,6921512.540829129,0.37962689574552355,0.0019240909613559099,0.6184490132931205
needs to be Xed,-236979.1583905367,6906961.561271681,0.5170123600402753,0.018774958231257386,0.46421268172846725
needs Xing,-220737.53336430728,6906822.4947494725,0.4127565117270951,0.021258773806308903,0.565984714466596
needs Xing,-247304.59775906682,6835213.337683194,0.461436646921544,0.01571753636674534,0.5228458167117106
needs Xing,-250433.66619382586,6870695.8906193655,0.3558399444709702,0.04041945262351708,0.6037406029055127
needs Xed,-394377.3486468516,7292995.166584696,0.26417439137687615,0.5226226235468889,0.2132029850762348
needs Xing,-105252.91250351258,7042662.7158044325,0.2715223126097557,0.006436772365624048,0.7220409150246203
needs Xing,-124983.40169069398,7040416.613852901,0.30986432835295785,0.006362674681654004,0.6837729969653881
needs Xing,-41509.03436597744,6589140.048018842,0.4393332471519495,0.04220284888627512,0.5184639039617754
needs Xing,-333122.9082819265,6990963.127002778,0.371756404682376,0.007532334931964467,0.6207112603856595
needs Xing,-293138.5056618537,6611051.376511704,0.46418396665457246,0.046151532307714634,0.48966450103771303
needs to be Xed,-121037.44856859572,7162577.806216603,0.756,0,0.24399999999999997
needs Xed,-690987.8869626493,7307622.511010473,0.3604560401189592,0.4719084003691371,0.16763555951190376
needs Xed,-740585.4177935641,7236776.194348565,0.3511726533532786,0.4871541008025107,0.1616732458442106
needs to be Xed,-771904.4774793579,6952813.25073283,0.582243533202434,0.00514173083476953,0.41261473596279646
needs to be Xed,-819682.3576498678,7168209.360322094,0.6897983820381216,0.09695810709954805,0.21324351086233032
needs to be Xed,-999775.3860775962,6965358.410869109,0.690530157475414,0.0486960735127999,0.26077376901178606
needs to be Xed,-943499.8657856875,6781796.297927367,0.9920000000000001,0.002,0.006000000000000001
needs Xed,-813586.8251605514,7361208.676721838,0.38318496294455445,0.4936238736772175,0.12319116337822808
needs to be Xed,-902758.1344058499,7294968.790375641,0.6163555935349615,0.1782023249796516,0.20544208148538692
needs Xed,-636267.9452350857,7232665.373229707,0.37763399831843486,0.5160931312038085,0.10627287047775665
needs to be Xed,-696894.4880121913,7047966.379937061,0.9920000000000001,0,0.008
needs to be Xed,-849576.1938950352,7235544.196240737,0.5510956271443221,0.26965032463599875,0.17925404821967908
needs to be Xed,-1008197.3066813578,7033221.954515885,0.7086783198782276,0.079773733203789,0.21154794691798334
needs to be Xed,-1079791.5466291253,6849331.158868178,0.8032541399748491,0.024637205602060255,0.17210865442309067
needs to be Xed,-1058027.9182620957,6810969.788700419,0.7373643831249189,0.041428786580905416,0.22120683029417568
needs to be Xed,-1142584.7563152858,6825649.242315617,0.8280579958697989,0.021887257510776224,0.15005474661942483
needs to be Xed,-759140.0169355981,7022316.931181561,0.7001888499215018,0.050959824968828095,0.24885132510967015
needs to be Xed,-806486.0999332699,6919278.6643245155,0.6977569407780031,0.024409105048468438,0.27783395417352846
needs to be Xed,-816227.9802671636,6981942.71951041,0.7816269305813933,0.022521953638109063,0.1958511157804976
needs to be Xed,-890780.0347450539,7193806.715190331,0.7206846644250787,0.1255555409881141,0.15375979458680708
needs to be Xed,-960323.6694848676,6921057.2762653055,0.7279448730547484,0.05623978230850022,0.21581534463675137
needs to be Xed,-867541.434256962,7118740.431168648,0.732996437905831,0.038661303736661753,0.22834225835750718
needs to be Xed,-722345.7526229335,7156008.902783385,0.698829290252226,0.08079604847061045,0.2203746612771636
needs to be Xed,-1049624.4544299077,7173046.961001092,0.6904987141330107,0.03786847255781693,0.27163281330917244
needs to be Xed,-740988.9398157407,7095802.9416097915,0.6841061628109375,0.038296656841184815,0.2775971803478777
needs to be Xed,-775709.0771120468,7217494.6487893695,0.499597599030884,0.2414123078949955,0.2589900930741205
needs to be Xed,-858520.7261122237,7026713.204112975,0.7143958257996813,0.039375799588471885,0.24622837461184682
needs to be Xed,-911605.9411174883,7099939.53735486,0.7279366169915192,0.019135872634343083,0.2529275103741378
needs to be Xed,-943553.8891345693,7222718.00440244,0.7246309589170588,0.08674293871695023,0.1886261023659911
needs to be Xed,-908573.1417783671,6886250.22231409,0.7308163091656683,0.017270552741536105,0.25191313809279564
needs to be Xed,-793845.114968698,7263739.745891227,0.41962872526691,0.41564644687830093,0.16472482785478904
needs to be Xed,-791489.3941684288,6847150.28194706,0.7671827616686777,0.010438875610841206,0.22237836272048106
needs to be Xed,-831035.8102519755,7082490.256395414,0.6910896512506927,0.04249285849894071,0.26641749025036665
needs to be Xed,-719495.5061167644,6861274.949851681,0.7450559072540025,0.023748227283898152,0.23119586546209933
needs to be Xed,-672880.569534623,6979451.056654229,0.7356277587491432,0.034353021234034456,0.2300192200168222
needs to be Xed,-502344.0188288717,7222785.840503286,0.4876753006029779,0.10979487734478112,0.402529822052241
needs Xing,-704373.69950817,6433768.670036883,0.44612891753562745,0.008337088951868982,0.5455339935125036
needs Xing,-145242.32450067103,6567316.593412411,0.28829439832533205,0.038465396888645295,0.6732402047860225
needs to be Xed,-707557.6484518901,7116901.653695856,0.7644197578022383,0.08982567530008284,0.14575456689767896
needs to be Xed,-883953.5450833417,7061802.310895334,0.731464948567122,0.027849489666262627,0.24068556176661537
needs Xed,-690987.8869626493,7307622.511010473,0.3604560401189592,0.4719084003691371,0.16763555951190376
needs to be Xed,-1043337.9533541355,7223301.34155758,0.6927934072534871,0.04193922829340046,0.2652673644531124
needs Xed,-740585.4177935641,7236776.194348565,0.3511726533532786,0.4871541008025107,0.1616732458442106
needs to be Xed,-668696.6264731577,7182118.668535905,0.48244119236238514,0.393771104369264,0.12378770326835081
needs to be Xed,-587209.8686565551,6463888.583840038,0.49925696667743125,0.013196465101838301,0.4875465682207305
needs Xing,-525301.4151512703,6528334.629779343,0.47134172830619764,0.03321704164496849,0.49544123004883395
needs Xing,-521238.37618875573,6554709.970422163,0.4117526870750719,0.045286913452637904,0.5429603994722902
needs to be Xed,-461046.81432192476,6542273.388470698,0.5312343124549787,0.007016751734591035,0.4617489358104304
needs Xing,-469370.84056548256,6517447.734911614,0.3117983243308601,0.0822057343679369,0.605995941301203
needs Xing,-410301.0452073754,6521733.762047685,0.4869145813950736,0.00615628790763324,0.5069291306972933
needs Xing,-445752.5181623461,6575133.333702486,0.4803687027936038,0.026454814967525987,0.4931764822388703
needs to be Xed,-326905.15812366817,6572820.245995547,0.4931383907458365,0.03829775187641243,0.46856385737775114
needs to be Xed,-333394.86179793446,6582950.2620637985,0.5007146110028735,0.04343070327027914,0.4558546857268473
needs Xing,-271866.57548565784,6543686.680638515,0.47203912790659625,0.013436946705740048,0.5145239253876637
needs Xing,-268948.6689929846,6631150.203004739,0.4684748069943507,0.02715425866150419,0.504370934344145
needs to be Xed,-302616.91502493777,6647413.400563115,0.536801211795795,0.030061720392795466,0.4331370678114094
needs Xing,-244689.48028135122,6622107.449820127,0.4793922659560209,0.02953595969833999,0.49107177434563903
needs to be Xed,-199130.1975623513,6593912.688426713,0.5129704901965675,0.03616751308899297,0.4508619967144396
needs to be Xed,-104527.88865997597,6622636.592609932,0.5316685182275687,0.02043511868509689,0.4478963630873344
needs to be Xed,-82072.96625512,6618976.440101561,0.5291201499695428,0.015849768204257673,0.45503008182619953
needs to be Xed,-18785.052751874126,6590913.1222612,0.6101670047544339,0.044129137528287364,0.3457038577172788
needs Xing,10676.98632045525,6615354.897103444,0.439872291369048,0.031847377400857295,0.5282803312300947
needs Xing,977.385129164942,6599013.392052929,0.4518025044067698,0.016278343240734326,0.5319191523524959
needs Xing,51897.93697620878,6594786.688755278,0.4613998624808316,0.01831930526221472,0.5202808322569537
needs Xing,21250.668153454346,6669622.093492061,0.44244750905674846,0.012117088644021964,0.5454354022992296
needs Xing,-37000.1497108867,6662470.805624215,0.4445025685168087,0.01949994004735851,0.5359974914358328
needs Xing,-36274.346630914544,6632424.544214853,0.44214674405257315,0.03212751692944651,0.5257257390179804
needs to be Xed,-62342.7998944619,6677519.821838582,0.5739344151475263,0.034701507211208085,0.3913640776412655
needs to be Xed,99002.87969292422,6677380.89944022,0.516153922341846,0.01936471046350241,0.4644813671946517
needs Xing,104581.65597402913,6618661.514477507,0.4590174783666413,0.018316473035655242,0.5226660485977034
needs Xing,-192255.6624084127,6695938.867935843,0.3242951188262756,0.015037110917621804,0.6606677702561027
needs to be Xed,-219103.80851742518,6749384.9128551595,0.5000848832125973,0.09608487116548502,0.4038302456219177
needs Xing,-165315.49960831046,6761512.189473941,0.45482135298880333,0.015372809435137726,0.529805837576059
needs Xing,-128417.04025226341,6781992.706264641,0.4674634488684767,0.03911808832046623,0.49341846281105706
needs to be Xed,-143374.26099372003,6740815.760791241,0.5169010781278058,0.019952928866141036,0.4631459930060531
needs to be Xed,-394092.70470889326,6881500.878962628,0.5444790455458025,0.02883692266682194,0.42668403178737563
needs to be Xed,-480024.2271538896,6774422.1529239435,0.5014079066051171,0.01405487785595838,0.4845372155389245
needs to be Xed,-444323.955136996,6779302.7209428325,0.5551771578201841,0.04454469039497222,0.4002781517848438
needs to be Xed,-553924.5616729307,6799027.45258613,0.5613083230144231,0.03696770731954445,0.4017239696660324
needs to be Xed,-474016.4144233184,6844145.159869567,0.5498095858895452,0.08158416792318357,0.36860624618727134
needs Xing,-428967.98797951784,6907566.226325656,0.33524812678824883,0.08546199131115322,0.5792898819005979
needs Xing,-375062.3037993107,6979308.747463057,0.39350061255730606,0.014037570492873571,0.5924618169498205
needs Xing,-379333.7439805394,7045487.734589382,0.36234532422026033,0.06906863879245154,0.5685860369872882
needs Xing,-479943.0752451014,7030452.086157642,0.4204615265774997,0.07044946578699574,0.5090890076355046
needs Xing,-475769.59621577075,7008852.910513202,0.38970094363179425,0.08044017205147366,0.5298588843167321
needs Xing,-353067.57616939413,6977305.557475825,0.38592227595476497,0.005764778200604677,0.6083129458446304
needs Xing,-298563.88368464547,6977213.322266646,0.38727539094893215,0.03452185362475211,0.5782027554263158
needs Xing,-276460.28559273307,6965177.539129188,0.3131164069817297,0.0077692549320356385,0.6791143380862347
needs Xing,-86213.04943721263,7057439.928383089,0.4165921214168637,0.023554204892509322,0.5598536736906269
needs Xing,-89786.96168913068,6995963.780903131,0.4053749697740886,0.020840888123048868,0.5737841421028624
needs Xing,42910.54675506475,6910560.722324642,0.44390777355474054,0.011940139999907692,0.5441520864453518
needs Xing,150421.01853186492,6793207.980641402,0.48293527770004036,8.616468688191308e-4,0.5162030754311405
needs to be Xed,140295.62028829032,6788332.57480936,0.5807403181998754,0.0011049371983925162,0.41815474460173213
needs Xing,34194.553452474735,6731791.239015955,0.42869171446448895,0.024129980151749896,0.5471783053837611
needs Xing,74745.24945416197,6751776.872699506,0.3791218526935607,0.021318447726489435,0.5995596995799499
needs to be Xed,61328.90197231676,6778472.618722562,0.5021928983062581,0.0048668090217282335,0.49294029267201367
needs Xing,17104.262024284642,6777043.8985973755,0.4871761079167811,0.013051607847243204,0.4997722842359757
